0.5185183264746939 0.879526757472565 0.6279068307193416 0.6046510221741809 0.0 0.0 0.0 0.0 0.4999991666680556 0.0 
0.515151437098267 0.7894836127143755 0.443298923371245 0.45263153130194406 0.0 0.0 0.4724984133857496 0.4285708163274053 0.28571414965992875 0.0 
0.08333329861112558 0.7419757372152003 0.2093022769064472 0.2093022769064472 0.0 0.0 0.0 0.0 0.8333319444467593 0.0 
0.5487804543426552 0.7425157380746797 0.1419141867355054 0.1419141867355054 0.0 0.0 0.0 0.15789465373965592 0.1874999414062683 0.0 
0.7096771904267127 0.8853417382414243 0.58139521362902 0.58139521362902 0.0 0.0 0.7209231440376869 0.0 0.8333319444467593 0.0 
0.3999999272727405 0.8535901715623745 0.27835048676799107 0.27368418171745457 0.49999750001249993 0.0 0.0 0.0 0.14285707482996438 0.0 
0.0 0.7660300282595794 0.33333320987658893 0.3461537130178027 0.0 0.0 0.0 0.0 0.5999988000024 0.0 
0.4313725208253254 0.7896397015625148 0.08910890795020107 0.08580857802611955 0.0 0.0 0.0 0.0 0.09374997070313415 0.0 
0.699999650000175 0.8919257080431173 0.9259255829905249 0.9615380917161186 0.0 0.0 0.0 0.0 0.5999988000024 0.0 
0.038461531065090176 0.7869222905070579 0.09278349558933034 0.09473683213296503 0.0 0.0 0.0 0.0 0.2380951247166073 0.0 
0.6458332996961823 0.7998011881912069 0.3201320026359075 0.31353134278774447 0.0 0.09090900826453795 0.0 0.36842085872586383 0.656249794921939 0.0 
0.2711863947141704 0.805604579233298 0.2577319321925843 0.263157867036014 0.0 0.0 0.65540091527742 0.0 0.2380951247166073 0.0 
0.0 0.7550494058712437 0.029702969316733687 0.029702969316733687 0.0 0.0 0.0 0.0 0.15624995117189025 0.0 
0.0 0.7453972434579055 0.3599998560000576 0.3599998560000576 0.0 0.0 0.0 0.0 0.9999980000040001 0.0 
0.08917196884254976 0.7603160397234708 0.08250824810203802 0.08250824810203802 0.0 0.0 0.0 0.0 0.15624995117189025 0.0 
